1046265
1084336
1040771
1008145
1017143
1016300
1770782
1529893
1066462
1400705
1082154
1026425
1024217
2250587
2256039
1007305
4886245
1082518
2256438
1401425
1090043
1917972
1023045
1030052
1873231
1059419
1065970
1465324
1041007
1041482
3259440
1794620
1061118
1056733
1141406
1071241
1009257
1039487
1029159
1049219
1346815
1050339
3211779
1059406
1045818
1058234
1029791
1016523
1083428
1255625
1361264
2081876
5275059
2295163
1786670
1432596
3813669
1013129
2139305
2567698
1358873
1002299
1063190
1703544
1453210
1089243
1034108
1059336
1255624
1040211
1003000
1068920
1039752
1200840
1027191
2056749
1007914
1863930
1019568
1919072
3344676
1049189
1057244
1006881
1009160
2062200
1022060
1926700
1082334
1949338
1858576
1013380
4742918
1424741
1851385
1014278
1021847
1119522
3066477
3010130
1054685
1856285
1044547
1389960
1012203
1292416
1228110
1022238
3646172
2243213
1227838
1082387
1204889
1941558
1388169
1024197
2133556
1970428
1003284
1007334
1080370
1013225
1421921
1006004
1070851
1020459
1431836
1775691
1014578
1758767
1312333
1867642
1087758
1029111
1056868
2052448
2034893
1848256
2143304
1085860
1205370
1062326
1054889
3394338
1011754
1794844
1028916
1021056
1001885
3010133
1212893
1367458
1018153
3369600
2180619
2297697
4074636
1015452
2143732
1080309
1914636
1057206
1031740
4113090
2082194
1882933
1291809
1027247
2253642
3616310
1336968
1070441
1858513
1221515
1903968
1878708
1056315
2035179
1358413
1063245
1047138
1020670
3369793
1461903
5363767
4885241
3311009
1013502
4238362
1018136
1020241
1046209
1064275
1283273
1023500
1015699
3140801
1056461
2339950
1426971
3033668
1449351
3642673
1125186
1777823
1213546
1367964
1396339
1008357
2022979
1859140
1012802
1048007
1316648
1029553
3009821
1005521
1016003
1915536
2061644
1981355
3995526
2382705
1069685
2363651
2380307
1013248
1082406
1192090
1949068
1321017
1082162
1003479
1041616
2257188
3323987
1082150
1059937
3181927
1474688
1049354
1068308
1032645
1914572
1085799
1044663
1767388
3071717
1013416
1062193
1036274
2336093
1159939
1963310
1086249
3609132
1031741
2053249
2171321
1440089
1067907
1031575
1043008
1076045
1014825
1085883
1180102
2340100
3187737
1767945
1058661
1079440
3006581
1006560
1827702
1033825
1043201
1007433
1916726
2209098
1829226
1827374
1394364
1926103
3014576
1948901
1060068
3009033
4010969
1025723
1074841
1082138
1819974
1069848
1394253
1337297
1025753
1467776
4112874
1015403
1220853
1034282
1013001
1008074
1400707
4741216
1329941
1025336
2297706
1001193
2131415
1205054
2042966
1061367
1041550
1581547
3608170
1051363
2160556
1440589
3713327
4011440
1938591
1440345
1331571
1401840
1020959
1033778
1018577
2070012
1002898
1959786
1481362
1055976
1082398
1143694
1051797
2243692
1085470
1440468
1052380
3615061
1762869
1019428
1046385
1439894
2214344
1226062
1201821
3274113
3191044
1075538
1070711
1786387
1000482
1012611
1431779
4010196
3392046
1026686
1021425
1358416
1985223
1089517
1803022
2295324
1419841
1028270
2275502
3626924
1475048
2119843
1457306
1829836
1035362
1473250
1019338
1043815
1427679
1080687
3103080
1047851
2154960
3162513
1052828
1014533
1469051
4872671
1439216
2042063
1088065
2340955
1418180
1025176
1223575
1981647
1941301
1867064
2348372
1424694
1021273
1455933
3801097
1781120
1051193
1761056
2265995
1033190
2980812
1361249
1203251
1004821
1082349
1807516
1021615
2067299
1467333
1474773
1291760
1321018
2008284
1255288
3315879
3191328
1013208
1780565
1962923
1092149
2294740
1045247
4009552
1203426
1015584
4124727
1012242
1212080
1051163
1003078
2052596
1089512
1010464
1417905
1020961
1053759
1036243
1016486
1440972
1776683
1401841
1075495
1440101
1853785
1433700
1436348
1008988
4242172
3865832
3335362
2267883
1464716
2036345
3124525
1424555
2133074
1119839
1082399
1391191
1818347
3162527
1011662
1040104
1793132
2161892
1438461
1258490
1006073
1931318
1140727
4171951
1060117
1418686
3053207
1052203
3860856
2988943
1003148
1853323
1044203
1485225
1089521
1057601
2242467
1873268
1220219
4618225
1319345
1005918
1078554
3333989
1948502
1072438
1458164
1096790
1310164
1291355
2193877
1012637
1035326
1212894
2035162
1419736
1035477
1420862
3080607
1012747
1008189
1078250
3013903
1080812
1939182
3879301
1963684
1079680
1077497
1015767
1077528
2253753
1060774
4011670
1449352
1822793
1873281
1917078
3554154
1209899
2133254
1731370
1193821
1082522
5317075
2057285
3102324
1937939
1028780
1344548
1132956
1012561
1021193
1270508
5385852
1024854
1965977
2361768
1011882
1028404
1059112
1963912
1030366
2359003
1382838
1902628
1056295
1277981
2996596
2033081
3091349
1442678
1264579
1092335
2297786
3608208
1089518
1036067
1082582
1330096
1026036
1083477
1005660
2286313
1007772
2345727
2567919
1019431
1321789
1257365
1028842
1161852
1035146
1937357
3268399
1968643
1370274
3598313
1006113
2036343
2194123
1088022
1065239
1449348
1009393
1764915
1263399
1422833
1318427
3067169
2118032
1028409
3187750
2123957
1007928
1907199
1433050
1061977
1049688
2063819
1012032
1036684
1464442
1012489
1459623
2309689
1805514
1223845
1343089
1874961
2971734
3347997
1071794
1858410
1921479
1050175
1017563
1844629
2326403
1596305
1458192
1119528
2030664
1440885
1962929
2240482
1089515
1382846
2584971
1089523
2242461
1000280
1474842
1205372
3776157
1613372
2032117
1079509
2257609
1419882
2159470
1898609
1045201
3662594
1158930
1001896
1001136
1214898
1001204
2267630
1035848
2149655
1368256
2214350
1024701
2298149
1781300
1868896
1452923
2136484
1433659
1030153
1947471
3043491
3223711
1862115
3326892
2003526
1467022
1069885
1049477
1051440
3887826
4714734
1827578
1064828
1433640
1261153
1030200
1034479
1030470
1777932
1066165
1427825
1058759
1012039
1441869
1037602
1072319
3012517
1032501
1084973
1030054
1460313
1000445
1004992
1000856
1079252
1039840
1401161
3108829
2026939
1485224
1089510
3000997
1903164
1258489
1892491
1225977
1369777
2294993
2282097
5366275
1789837
2271582
4152754
3547099
1812439
1963786
3683898
1070685
2150240
1907739
1949925
1313124
1418297
1063624
1729284
1975809
1026317
1432422
1017841
4159088
1059537
1203244
1052360
2064450
1006197
2160292
1418707
3316422
1792668
1186392
1026411
1254588
1763809
1860750
1427788
1464989
2278790
1456034
3290010
1812895
1082584
1057197
1796596
1336330
1918734
1088581
1019485
1005576
1823349
3644791
2201813
1759860
1919201
1322328
1442680
1316622
1483522
2360269
2130986
1263186
3239824
1398395
1330009
4836682
1857446
1021597
1048537
1044316
3316174
2280027
1008732
1905830
1258491
1482200
1076654
1032431
4264003
1036490
2042907
1975797
2331434
4067621
1914127
1082407
2160226
1927782
1927377
1914078
1470158
1322066
1865089
1485495
1005492
1481371
1058679
1034067
1026674
3678694
1016063
1102403
1009459
1798557
2071404
1915337
1288844
1047719
1075492
1981042
1369776
3615048
3537590
1440992
3908032
2377012
2284311
2297549
1000534
1077847
1906681
1400717
3995799
2068211
1456831
1046175
1868786
1187842
2376336
3017857
1049190
1045926
1456524
1045466
1394433
1812618
4173403
1437131
1401795
1897413
1088743
2317973
1865891
2317974
1255500
1329959
1049522
1073708
1791664
1441707
1207819
1083762
3880832
1038267
1040397
2258803
1856025
3246230
2070844
1061563
1281622
1101607
1859649
1032581
1041111
1004322
3890174
1424373
1927902
1275608
2324366
2256351
3786755
1089511
1047447
3608235
1186350
1793721
1049215
1034279
1082578
1408254
1786536
1868698
1794202
1119796
1456597
3715833
1049348
1263250
2265312
1441241
1030469
1789841
1037954
1949121
1020128
1046492
3442373
1964044
2159042
3266344
2158194
1324985
3926665
3111928
2115040
1431880
1032945
3088496
1014561
2233893
2158189
2170629
5289756
1050743
1468393
1004088
1427538
1158934
1022492
1069059
1884249
1364773
2251434
1351652
1069071
1382829
1060779
1946666
1559310
1262986
1855343
1023709
3672237
1221329
1056023
1772786
1139726
1045352
2359212
2277795
1017541
1547265
2359688
1000323
3682204
2230208
1044772
1017839
1083375
1064271
2039490
1213945
2009825
1023048
1028693
1212152
1448761
3151990
1004956
1000517
4031698
3905366
1939594
1467535
1159949
3426869
1322025
1927869
2081509
1418999
3158734
1051231
