1292052
1295644
1292720
3541415
1652587
1292215
1291561
1292001
3742360
1291546
2129039
1292722
2131459
1292370
1292223
1292220
1783457
3313801
1849031
1291999
3005875
1292328
1292000
1291875
1828115
1307914
1308575
1295124
3734112
1293839
1294639
1291549
1291550
1862151
1291560
1293544
1291832
1292213
1292063
1292528
1482072
2209573
1485260
1292402
1299398
3626416
1794171
1292679
1308817
1316510
3006772
1418834
1306249
2268359
2124724
1301753
4305436
1291841
2135981
2149806
1291543
2124703
1309101
1465829
1303394
1291828
2132495
1302425
1292219
1292286
1308820
1309060
1291557
2053515
1292064
1292401
3793023
1947089
1291545
1292343
2213597
3041806
1305164
3737102
1291583
5344178
4271894
2336785
2146991
1793491
3072124
1308807
1760622
1292233
3792799
1291548
1309199
1418070
1293350
1438652
1292371
1292287
2998270
1298070
1292365
3158990
1291586
3205624
1291843
1978709
1783772
3007773
1961963
1820156
1298624
1292224
3072086
1766086
1859036
1292849
1820145
1297359
1294408
1780330
1306123
1300267
1291571
1305690
2334904
1890784
1293318
1292444
1301168
1306029
1907464
1851857
1298038
1291578
1777612
1292656
1867408
1498818
3230459
1291858
1307323
1296736
1291552
1308741
1293351
1329950
3820191
1891179
1291870
1959877
1914831
3824672
1950148
3077791
1308779
1299327
1292275
1981242
1291835
1292434
3412882
2161696
3596502
1292659
1421823
1418200
1309027
2043546
1291572
1298128
1858711
1307793
1949312
1291555
1304447
4066206
2365260
2357162
1292062
1293088
2353023
4237879
1388216
1299288
1293531
1307811
1499148
1291853
3230462
1302827
1309043
1857099
1920805
1291580
3240208
2156528
3148748
1308747
2294568
1329936
1292274
1297447
1293359
1432146
1308777
1291847
1292271
1306612
3412830
1308974
1302987
1308076
1945336
1291577
3291930
1297518
3543690
3578981
1315574
1292217
1304022
1297630
1309004
1305065
1297192
1418192
1309046
1484091
1292212
2334814
1299661
1294638
1306160
1939414
1297570
4268598
2138507
4023638
1419297
1291579
1294833
3036997
1295409
1291575
1296078
1308857
1767042
1291581
1303173
1299131
1295865
1300960
1787291
1291585
1308843
1329562
1309172
3442220
1297747
1304073
1900841
1292262
1304585
1469441
1499008
1905462
1307739
1295038
1304141
1291562
1297223
1293124
1307106
1927686
1998799
2037012
1292208
3920977
1296339
3734350
1292523
1297863
1292329
1393859
4226741
1305265
1300616
2346881
1293708
1433360
1457217
1307694
1417598
2027938
2209368
1297574
1937946
1418605
1291558
1578507
1291868
1301445
1292272
1851906
1301948
1308587
1883755
1291990
1782004
1302467
1419936
2153527
1293530
3546019
2277018
1997685
3103678
1298898
1293013
2213591
1437342
1307014
3338821
2359431
1291856
1303203
1781636
1307023
1915403
1945549
1302476
1835843
2223596
1305487
1468155
1885124
1966464
1428576
2054933
1781126
1292728
1291844
2300586
1291877
3190880
1293203
1296996
1433330
1293964
4009651
1304970
1308848
1291879
3319755
2354729
2326676
3011091
1292229
1291584
2055017
1308722
1291544
1301890
1292225
3560787
1291818
3683409
3011225
1304102
3287562
1303037
2138382
3011308
1470600
1292553
1308799
1309201
4739952
1418189
1297131
1294417
1296436
1296753
2028645
1962116
1949811
1309055
1920796
4151110
1498831
3279080
1300300
1308833
1309052
1451430
1293323
1300618
1293818
3073124
1295229
1293172
1294963
1308751
1308776
1768351
1306505
3777800
1870436
1308865
2082013
1295242
1419969
1433577
1293555
3148027
1292222
1853176
1300656
1302090
1759386
1421809
1296909
1297052
1299603
1298744
2336737
1300498
1431718
1293691
1303815
1292048
1308570
1297018
3732780
1438760
4896263
1308804
1292484
3335371
1369747
1300395
1607471
1309163
1291851
1308755
2051007
1919245
1304641
3003137
1866264
1829654
1301171
1305279
1306951
1860377
1927369
1292056
1396313
1872133
1950525
1863947
1466007
1301578
1431699
1418190
1441238
1307332
1291869
3882715
4133988
1865703
1945330
2153526
1301726
1793912
1844413
1308767
1309021
1296778
1819388
1441602
1316572
1292289
3268216
1293377
1817169
1323749
1787277
1428878
1792928
3066739
1294240
1297102
2078864
1474185
3264045
1292790
1937502
1294007
2230888
1300069
1292055
1765009
3928370
1807959
1310174
1299243
1307315
3003830
1428175
1294927
3670447
1428578
1291582
1304854
1951318
1764796
1301459
2996640
3813779
1949812
4822848
1297291
1298586
1764730
1309059
1291838
3077668
1297763
1303021
1291554
3754946
1305903
1292234
1418019
1294950
1305355
1292704
1305666
1300741
1309016
1295250
1585146
2044102
1293825
2132932
1297544
2044089
1294990
3990470
2028666
1756073
1292331
3279107
2976123
2085721
2969282
1301509
1309020
1794435
1997679
1306317
3908423
1937401
1292211
1410556
1325958
1455979
1293460
1315316
1845625
3011093
1299680
1308753
2156663
1294766
1412579
3102668
1863941
1465037
1848925
1439890
1307394
1293135
1291836
1853621
1297995
1307043
1295686
1300064
1303246
1291859
1428577
1806555
1431947
1294136
2154096
2257732
4133814
1863923
3011102
3126196
3718447
3111355
1295280
1756584
4190211
4057312
1293414
1304624
2052978
2369845
2147854
1439831
3344570
1388175
1292973
3550132
1292226
2080133
1978369
1292047
1477894
1298443
1300056
1296253
1305224
1303590
1293167
1297689
1292281
4062922
3215640
1295965
1300299
1292049
1295253
1292218
1293399
1293475
1300275
1309045
2369549
1292326
1293929
1307956
1417946
1436870
1898223
1467044
1790577
1305724
1293173
1309220
1946882
3212120
1308819
1298112
1301174
1298653
1299193
1994876
1393479
3262939
1308655
1316505
1292267
1292214
1304056
1300220
2144242
1786739
3314870
1300374
1482911
1793909
3312344
1291824
1303184
1408100
1306809
2132120
1303907
1298644
2147121
1299080
2297265
2368641
1296157
1305466
1938312
1300303
1459368
3986493
1291992
1796939
1294561
1304485
1298346
1963067
1291842
1291574
2046839
1304826
1401535
3607666
1422952
3552028
4145476
1867345
1329962
1292450
2229427
1292344
1309015
2037796
1300055
1760104
1476023
1890157
3233761
1291573
1829230
1309203
1474180
1309069
1299624
2148257
1291822
3006302
1428602
3120852
1292260
1449381
1291588
1401524
3387546
1381964
1763134
1300945
1850963
1401205
1298525
3792816
3011051
1915312
1837856
1307696
1293182
1294194
1457573
1308111
1436900
1863955
1296629
1292792
1291565
1876781
2270390
1293702
1926007
1433673
1301746
1308749
1295045
1308620
1308599
3005496
1470591
1947549
1300108
1292348
1401533
2018131
1309136
1299062
1301345
1305713
1306808
1474189
1291559
1867335
1292270
1305333
1301106
2361823
1793903
2010975
1308854
1304530
1408312
1307702
1307847
1299889
1892531
3305873
3041294
1796053
4059245
1760027
3609075
1434184
3013580
1295374
1471507
1295399
1295120
1483507
2002683
1307528
1308827
1306666
1298909
1963070
1300566
1291850
1308838
2286642
1585236
3130180
1293145
1308831
1309084
2978951
1307527
2059225
1431685
1300608
1293181
1308288
1305182
2154868
1322851
1297862
1316580
3642866
1307697
1300883
2123510
1431683
1315570
2147129
1292718
3053521
1292268
1761854
1870044
1972698
3033864
2156704
1292347
2043126
1482077
1308752
1390020
1866131
1301169
1866475
1482394
1300868
4074158
1474405
2154859
1309103
3018123
1304397
1308988
1858802
1917074
1478186
1788392
2357719
1466394
1305179
1484760
1309160
3250377
1428581
2279152
2131654
1299362
2124586
3628370
1303010
1307849
1418752
1299059
1304972
1308699
2132220
2054026
1914652
1394819
1297478
1689787
1293527
3157605
1302795
1578685
1470614
2357708
1308858
3606975
1947144
1307740
3690289
1439579
1829626
1292396
1294371
1295469
1295428
1292895
1293315
2190914
1308748
3244162
1949328
1418640
1865561
1291937
4164444
1296384
1971111
1301912
2326212
2279772
1305034
1292207
1316513
1309044
1864810
1307906
1337286
1781597
1295485
1986338
1302642
2028647
1293537
2063528
1878360
1307762
1304708
4888039
1293765
2032236
1297756
1307542
1296201
1947091
1293764
1431946
1464368
1899125
1304282
1293607
1395776
1308338
1305088
1293824
3078609
1296837
1329286
3275168
2003389
2027945
2212156
2357703
1940867
1306471
1395091
1306939
1855834
1303485
1400665
2054024
1294262
1291936
1292950
2160611
1307853
2065021
2357707
1303630
1305053
1307748
1782142
3805953
2978224
1291840
1306730
1302434
1451911
3041749
2983389
